 Freq MHz      IRQ RC6           RCS/0   RCS/0   RCS/0   RCS/0   RCS/0           BCS/0           VCS/0           VCS/1          VECS/0          VECS/1          UNKN/0          UNKN/1          UNKN/2          UNKN/3 
 req  act       /s   %       %  se  wa       %       %       %       %       %  se  wa       %  se  wa       %  se  wa       %  se  wa       %  se  wa       %  se  wa       %  se  wa       %  se  wa       %  se  wa 
   0    0        0 100    0.00   0   0    0.00    0.00    0.00    0.00    0.00   0   0    0.00   0   0    0.00   0   0    0.00   0   0    0.00   0   0    0.00   0   0    0.00   0   0    0.00   0   0    0.00   0   0 
  22   10       10  77    0.00   0   0    0.04    2.67    0.00    0.00    0.00   0   0    0.00   0   0    0.00   0   0    0.00   0   0    0.00   0   0    0.00   0   0    0.00   0   0    0.00   0   0    0.00   0   0 
  23   14       10  75    0.00   0   0    0.04    2.90    0.00    0.00    0.00   0   0    0.00   0   0    0.00   0   0    0.00   0   0    0.00   0   0    0.00   0   0    0.00   0   0    0.00   0   0    0.00   0   0 
  12    7        5  88    0.00   0   0    0.02    1.33    0.00    0.00    0.00   0   0    0.00   0   0    0.00   0   0    0.00   0   0    0.00   0   0    0.00   0   0    0.00   0   0    0.00   0   0    0.00   0   0 
2154 2090     1703   0    0.29   0   0   94.01   95.74    2.89    0.00    2.83   3   0    0.00   0   0    0.00   0   0    0.00   0   0    0.00   0   0   94.04  26   0    0.00   0   0    0.00   0   0    0.00   0   0 
2399 2399     2990   0    0.36   0   0   99.94  100.00    5.12    0.00    4.98   4   0    0.00   0   0    0.00   0   0    0.00   0   0    0.00   0   0   99.54  43   0    0.00   0   0    0.00   0   0    0.00   0   0 
2399 2399     3014   0    0.35   0   0   99.94  100.00    5.18    0.00    5.04   4   0    0.00   0   0    0.00   0   0    0.00   0   0    0.00   0   0   99.56  47   0    0.00   0   0    0.00   0   0    0.00   0   0 
2398 2399     2997   0    0.36   0   0   99.95  100.00    5.16    0.00    5.01   4   0    0.00   0   0    0.00   0   0    0.00   0   0    0.00   0   0   99.55  47   0    0.00   0   0    0.00   0   0    0.00   0   0 
2399 2398     2993   0    0.36   0   0   99.94  100.00    5.16    0.00    5.02   7   0    0.00   0   0    0.00   0   0    0.00   0   0    0.00   0   0   99.55  46   0    0.00   0   0    0.00   0   0    0.00   0   0 
2399 2399     2993   0    0.36   0   0   99.83   99.90    5.19    0.00    5.07   4   0    0.00   0   0    0.00   0   0    0.00   0   0    0.00   0   0   99.54  51   0    0.00   0   0    0.00   0   0    0.00   0   0 
2399 2399     2942   0    0.36   0   0   99.85   99.91    4.96    0.00    4.82   4   0    0.00   0   0    0.00   0   0    0.00   0   0    0.00   0   0   99.56  47   0    0.00   0   0    0.00   0   0    0.00   0   0 
2398 2387     2860   0    0.36   0   0   96.73   96.82    4.99    0.00    4.85   4   0    0.00   0   0    0.00   0   0    0.00   0   0    0.00   0   0   96.35  45   0    0.00   0   0    0.00   0   0    0.00   0   0 
1596  747       66  27    0.05   0   0    0.05    1.90    0.00    0.00    0.00   0   0    0.00   0   0    0.00   0   0    0.00   0   0    0.00   0   0    0.00   0   0    0.00   0   0    0.00   0   0    0.00   0   0 
