 Freq MHz      IRQ RC6   RCS/0   RCS/0   RCS/0   RCS/0 
 req  act       /s   %       %       %       %       % 
   0    0        0   0    0.00    0.00    0.00    0.00 
1682   42        0  62    0.00    1.09    0.00    0.00 
1682    0        0  62    0.00    1.11    0.00    0.00 
1682    0        0  62    0.00    1.11    0.00    0.00 
1682    0        0  62    0.00    1.11    0.00    0.00 
 826   13        8  58    0.01    3.59    0.00    0.00 
 300    9        0  58    0.00    4.80    0.00    0.00 
 300    9        0  57    0.00    4.82    0.00    0.00 
 300    1        0  58    0.00    4.85    0.00    0.00 
 300    9        0  60    0.00    4.71    0.00    0.00 
 300   11        0  59    0.00    4.83    0.00    0.00 
 300   10        0  57    0.00    4.83    0.00    0.00 
 301    2        0  58    0.00    4.81    0.00    0.00 
 300    9        0  59    0.00    4.75    0.00    0.00 
 300    0        0  60    0.00    4.50    0.00    0.00 
 300    0        0  62    0.00    4.23    0.00    0.00 
 300    0        0  61    0.00    4.24    0.00    0.00 
 300    0        0  61    0.00    4.24    0.00    0.00 
 Freq MHz      IRQ RC6   RCS/0   RCS/0   RCS/0   RCS/0 
 req  act       /s   %       %       %       %       % 
 300    1        0  61    0.00    4.22    0.00    0.00 
 300    2        0  62    0.00    4.24    0.00    0.00 
 300    0        0  62    0.00    4.24    0.00    0.00 
 300    3        0  62    0.00    4.26    0.00    0.00 
 300    3        0  62    0.00    4.25    0.00    0.00 
 300    3        0  63    0.00    4.22    0.00    0.00 
 300    3        0  62    0.00    4.21    0.00    0.00 
 300    3        0  61    0.00    4.23    0.00    0.00 
 301    1        0  61    0.00    4.22    0.00    0.00 
 300    2        0  61    0.00    4.23    0.00    0.00 
 300    1        0  61    0.00    4.25    0.00    0.00 
 300    2        0  61    0.00    4.22    0.00    0.00 
