 Freq MHz      IRQ RC6           RCS/0   RCS/0   RCS/0   RCS/0   RCS/0           BCS/0           VCS/0           VCS/1          VECS/0          VECS/1          UNKN/0          UNKN/1          UNKN/2          UNKN/3 
 req  act       /s   %       %  se  wa       %       %       %       %       %  se  wa       %  se  wa       %  se  wa       %  se  wa       %  se  wa       %  se  wa       %  se  wa       %  se  wa       %  se  wa 
   0    0        0   0    0.00   0   0    0.00    0.00    0.00    0.00    0.00   0   0    0.00   0   0    0.00   0   0    0.00   0   0    0.00   0   0    0.00   0   0    0.00   0   0    0.00   0   0    0.00   0   0 
 123   20        9  86    0.00   0   0    0.03    1.10    0.00    0.00    0.00   0   0    0.00   0   0    0.00   0   0    0.00   0   0    0.00   0   0    0.00   0   0    0.00   0   0    0.00   0   0    0.00   0   0 
  24   10       10  50    0.00   0   0    0.04    5.73    0.00    0.00    0.00   0   0    0.00   0   0    0.00   0   0    0.00   0   0    0.00   0   0    0.00   0   0    0.00   0   0    0.00   0   0    0.00   0   0 
  12    6        5  69    0.09   0   0    0.02    3.62    0.00    0.00    0.00   0   0    0.00   0   0    0.00   0   0    0.00   0   0    0.00   0   0    0.00   0   0    0.00   0   0    0.00   0   0    0.00   0   0 
  62   42       57  45    0.14   0   0    2.37    7.21    0.25    0.00    0.26   0   0    0.00   0   0    0.00   0   0    0.00   0   0    0.00   0   0    2.21   1   0    0.00   0   0    0.00   0   0    0.00   0   0 
2122 2054     1972   1    0.14   0   0   93.42   93.86    8.34    0.00    8.25   7   0    0.00   0   0    0.00   0   0    0.00   0   0    0.00   0   0   93.50   7   0    0.00   0   0    0.00   0   0    0.00   0   0 
2398 2399     4350   0    0.36   0   0   99.86   99.92   21.52    0.00   21.34  21   0    0.00   0   0    0.00   0   0    0.00   0   0    0.00   0   0   99.54  12   0    0.00   0   0    0.00   0   0    0.00   0   0 
2399 2399     4292   0    0.35   0   0   99.82   99.89   21.04    0.00   20.86  17   0    0.00   0   0    0.00   0   0    0.00   0   0    0.00   0   0   99.55   5   0    0.00   0   0    0.00   0   0    0.00   0   0 
2399 2399     4271   0    0.36   0   0   99.94  100.00   21.33    0.00   21.12  18   0    0.00   0   0    0.00   0   0    0.00   0   0    0.00   0   0   99.54  12   0    0.00   0   0    0.00   0   0    0.00   0   0 
2399 2398     4191   0    0.36   0   0   99.94  100.00   20.37    0.00   20.16  19   0    0.00   0   0    0.00   0   0    0.00   0   0    0.00   0   0   99.54  13   0    0.00   0   0    0.00   0   0    0.00   0   0 
2398 2399     4110   0    0.36   0   0   99.95  100.00   20.27    0.00   20.07  18   0    0.00   0   0    0.00   0   0    0.00   0   0    0.00   0   0   99.56  15   0    0.00   0   0    0.00   0   0    0.00   0   0 
2399 2399     4123   0    0.36   0   0   99.93  100.00   21.38    0.00   21.21  21   0    0.00   0   0    0.00   0   0    0.00   0   0    0.00   0   0   99.53  17   0    0.00   0   0    0.00   0   0    0.00   0   0 
2399 2399     4067   0    0.35   0   0   99.95  100.00   21.35    0.00   21.17  19   0    0.00   0   0    0.00   0   0    0.00   0   0    0.00   0   0   99.56  17   0    0.00   0   0    0.00   0   0    0.00   0   0 
