 Freq MHz      IRQ RC6           RCS/0   RCS/0   RCS/0   RCS/0   RCS/0           BCS/0           VCS/0           VCS/1          VECS/0          VECS/1          UNKN/0          UNKN/1          UNKN/2          UNKN/3 
 req  act       /s   %       %  se  wa       %       %       %       %       %  se  wa       %  se  wa       %  se  wa       %  se  wa       %  se  wa       %  se  wa       %  se  wa       %  se  wa       %  se  wa 
   0    0        0 100    0.00   0   0    0.00    0.00    0.00    0.00    0.00   0   0    0.00   0   0    0.00   0   0    0.00   0   0    0.00   0   0    0.00   0   0    0.00   0   0    0.00   0   0    0.00   0   0 
  24   13       10  81    0.00   0   0    0.04    2.25    0.00    0.00    0.00   0   0    0.00   0   0    0.00   0   0    0.00   0   0    0.00   0   0    0.00   0   0    0.00   0   0    0.00   0   0    0.00   0   0 
  12    6        5  79    0.00   0   0    0.02    2.32    0.00    0.00    0.00   0   0    0.00   0   0    0.00   0   0    0.00   0   0    0.00   0   0    0.00   0   0    0.00   0   0    0.00   0   0    0.00   0   0 
   0    0        0 100    0.00   0   0    0.00    0.00    0.00    0.00    0.00   0   0    0.00   0   0    0.00   0   0    0.00   0   0    0.00   0   0    0.00   0   0    0.00   0   0    0.00   0   0    0.00   0   0 
2156 2078     2424   0    0.37   0   0   94.31   95.83   15.71    0.00   15.67  15   0    0.00   0   0    0.00   0   0    0.00   0   0    0.00   0   0   94.42   6   0    0.00   0   0    0.00   0   0    0.00   0   0 
2398 2398     4485   0    0.35   0   0   99.92   99.99   32.98    0.00   32.85  33   0    0.00   0   0    0.00   0   0    0.00   0   0    0.00   0   0   99.54  12   0    0.00   0   0    0.00   0   0    0.00   0   0 
2399 2399     4509   0    0.37   0   0   99.93  100.00   32.99    0.00   32.86  32   0    0.00   0   0    0.00   0   0    0.00   0   0    0.00   0   0   99.53  11   0    0.00   0   0    0.00   0   0    0.00   0   0 
2399 2399     4417   0    0.36   0   0   99.93  100.00   32.57    0.00   32.44  32   0    0.00   0   0    0.00   0   0    0.00   0   0    0.00   0   0   99.53  11   0    0.00   0   0    0.00   0   0    0.00   0   0 
2399 2399     4384   0    0.35   0   0   99.93  100.00   32.68    0.00   32.57  28   0    0.00   0   0    0.00   0   0    0.00   0   0    0.00   0   0   99.54  18   0    0.00   0   0    0.00   0   0    0.00   0   0 
2398 2398     4333   0    0.37   0   0   99.92  100.00   31.26    0.00   31.15  28   0    0.00   0   0    0.00   0   0    0.00   0   0    0.00   0   0   99.52  15   0    0.00   0   0    0.00   0   0    0.00   0   0 
1737  648      203  34    0.07   0   0    3.86    5.35    1.25    0.00    1.24   1   0    0.00   0   0    0.00   0   0    0.00   0   0    0.00   0   0    3.78   2   0    0.00   0   0    0.00   0   0    0.00   0   0 
 619  412       47  33    0.05   0   0    0.05    8.72    5.39    0.00    5.39   0   0    0.00   0   0    0.00   0   0    0.00   0   0    0.00   0   0    0.00   0   0    0.00   0   0    0.00   0   0    0.00   0   0 
  39    8       12  95    0.00   0   0    0.03    0.72    0.15    0.00    0.15   0   0    0.00   0   0    0.00   0   0    0.00   0   0    0.00   0   0    0.00   0   0    0.00   0   0    0.00   0   0    0.00   0   0 
