 Freq MHz      IRQ RC6   RCS/0   RCS/0   RCS/0   RCS/0 
 req  act       /s   %       %       %       %       % 
   0    0        0   0    0.00    0.00    0.00    0.00 
2398 2398        0   0    0.00    0.04    0.00    0.00 
2399 2399        0   0    0.00    0.04    0.00    0.00 
2399 2399        0   0    0.00    0.04    0.00    0.00 
2399 2399        0   0    0.00    0.04    0.00    0.00 
2398 2398        0   0    0.00    0.04    0.00    0.00 
2399 2399        0   0    0.00    0.04    0.00    0.00 
2399 2399        0   0    0.00    0.04    0.00    0.00 
2399 2399        0   0    0.00    0.04    0.00    0.00 
2398 2398        0   0    0.00    0.04    0.00    0.00 
2399 2399        0   0    0.00    0.04    0.00    0.00 
2399 2399        0   0    0.00    0.04    0.00    0.00 
2399 2399        0   0    0.00    0.04    0.00    0.00 
2398 2398        0   0    0.00    0.04    0.00    0.00 
2399 2399        0   0    0.00    0.04    0.00    0.00 
2411 2411        0   0    0.00    0.04    0.00    0.00 
2399 2397        6   0    2.44    2.66    0.09    0.00 
2398 2323        0   0   60.27   60.76    0.08    0.00 
 Freq MHz      IRQ RC6   RCS/0   RCS/0   RCS/0   RCS/0 
 req  act       /s   %       %       %       %       % 
2400 2400        0   0   63.82   64.05    0.48    0.00 
2400 2400        0   0   63.24   63.50    0.48    0.00 
2400 2400        0   0   59.85   60.08    0.45    0.00 
2400 2400        0   0   62.25   62.51    0.45    0.00 
2399 2399        0   0   63.79   64.02    0.47    0.00 
2400 2400        0   0   63.40   63.66    0.45    0.00 
2400 2400        0   0   59.83   60.05    0.45    0.00 
2400 2400        0   0   62.05   62.32    0.43    0.00 
2398 2398        0   0   63.75   63.99    0.44    0.00 
2400 2400        0   0   63.59   63.84    0.44    0.00 
2400 2400        0   0   59.79   60.02    0.41    0.00 
2400 2400        0   0   61.83   62.08    0.43    0.00 
