 Freq MHz      IRQ RC6           RCS/0   RCS/0   RCS/0   RCS/0   RCS/0           BCS/0           VCS/0           VCS/1          VECS/0          VECS/1          UNKN/0          UNKN/1          UNKN/2          UNKN/3 
 req  act       /s   %       %  se  wa       %       %       %       %       %  se  wa       %  se  wa       %  se  wa       %  se  wa       %  se  wa       %  se  wa       %  se  wa       %  se  wa       %  se  wa 
   0    0        0 100    0.00   0   0    0.00    0.00    0.00    0.00    0.00   0   0    0.00   0   0    0.00   0   0    0.00   0   0    0.00   0   0    0.00   0   0    0.00   0   0    0.00   0   0    0.00   0   0 
   0    0        0 100    0.00   0   0    0.00    0.00    0.00    0.00    0.00   0   0    0.00   0   0    0.00   0   0    0.00   0   0    0.00   0   0    0.00   0   0    0.00   0   0    0.00   0   0    0.00   0   0 
  15    5        7   0    0.03   0   0    0.04   23.47    0.00    0.00    0.00   0   0    0.00   0   0    0.00   0   0    0.00   0   0    0.00   0   0    0.00   0   0    0.00   0   0    0.00   0   0    0.00   0   0 
   0    0        0   9    0.00   0   0    0.00    0.00    0.00    0.00    0.00   0   0    0.00   0   0    0.00   0   0    0.00   0   0    0.00   0   0    0.00   0   0    0.00   0   0    0.00   0   0    0.00   0   0 
 306  268      106  53    0.14   0   0   18.85   21.69    0.25    0.00    0.26   0   0    0.00   0   0    0.00   0   0    0.00   0   0    0.00   0   0   18.72   1   0    0.00   0   0    0.00   0   0    0.00   0   0 
2399 2345     3055   0    0.23   0   0   99.68   99.79   23.53    0.00   23.44  21   0    0.00   0   0    0.00   0   0    0.00   0   0    0.00   0   0   99.63   8   0    0.00   0   0    0.00   0   0    0.00   0   0 
2399 2398     4534   0    0.36   0   0   99.93  100.00   33.87    0.00   33.74  32   0    0.00   0   0    0.00   0   0    0.00   0   0    0.00   0   0   99.52   8   0    0.00   0   0    0.00   0   0    0.00   0   0 
2399 2399     4488   0    0.35   0   0   99.93  100.00   33.82    0.00   33.67  33   0    0.00   0   0    0.00   0   0    0.00   0   0    0.00   0   0   99.54   9   0    0.00   0   0    0.00   0   0    0.00   0   0 
2365 2330     3881   2    0.32   0   0   86.64   86.78   28.80    0.00   28.64  28   0    0.00   0   0    0.00   0   0    0.00   0   0    0.00   0   0   86.28  11   0    0.00   0   0    0.00   0   0    0.00   0   0 
1675  529       40  38    0.02   0   0    0.02    1.81    0.00    0.00    0.00   0   0    0.00   0   0    0.00   0   0    0.00   0   0    0.00   0   0    0.00   0   0    0.00   0   0    0.00   0   0    0.00   0   0 
 298  179       36  62    0.06   0   0    0.06    1.64    0.00    0.00    0.00   0   0    0.00   0   0    0.00   0   0    0.00   0   0    0.00   0   0    0.00   0   0    0.00   0   0    0.00   0   0    0.00   0   0 
 146  106       12  57    0.00   0   0    0.06    2.91    0.00    0.00    0.00   0   0    0.00   0   0    0.00   0   0    0.00   0   0    0.00   0   0    0.00   0   0    0.00   0   0    0.00   0   0    0.00   0   0 
  12    6        5  91    0.00   0   0    0.02    1.08    0.00    0.00    0.00   0   0    0.00   0   0    0.00   0   0    0.00   0   0    0.00   0   0    0.00   0   0    0.00   0   0    0.00   0   0    0.00   0   0 
