 Freq MHz      IRQ RC6   RCS/0   RCS/0   RCS/0   RCS/0 
 req  act       /s   %       %       %       %       % 
   0    0        0   0    0.00    0.00    0.00    0.00 
2348  117        0  57    0.00    0.95    0.00    0.00 
2349    0        0  63    0.00    0.90    0.00    0.00 
2349    0        0  62    0.00    0.91    0.00    0.00 
2349    0        0  62    0.00    0.91    0.00    0.00 
2348    0        0  62    0.00    0.91    0.00    0.00 
2349   12        0  62    0.00    0.91    0.00    0.00 
2349    0        0  62    0.00    0.91    0.00    0.00 
2349    0        0  61    0.00    0.91    0.00    0.00 
2348    0        0  60    0.00    0.91    0.00    0.00 
2349    0        0  60    0.00    0.91    0.00    0.00 
2349   11        0  58    0.00    0.94    0.00    0.00 
2349   12        0  57    0.00    0.94    0.00    0.00 
2360   12        0  61    0.00    0.85    0.00    0.00 
2349   12        0  63    0.00    0.81    0.00    0.00 
2349    0        0  63    0.00    0.81    0.00    0.00 
1960   28        0  56    8.93   10.34    0.23    0.00 
 300  300        0   0   99.59  100.00    0.00    0.00 
 Freq MHz      IRQ RC6   RCS/0   RCS/0   RCS/0   RCS/0 
 req  act       /s   %       %       %       %       % 
 538  534        0   0   99.48   99.95    0.01    0.00 
2399 2399        0   0   99.95   99.95    0.75    0.00 
2399 2399        0   0   99.93   99.93    0.73    0.00 
2399 2399        0   0  100.00  100.00    0.72    0.00 
2400 2400        0   0  100.00  100.00    0.71    0.00 
2398 2386        0   0   43.51   43.52    0.31    0.00 
2399 2399        0   0    0.00    0.01    0.00    0.00 
2399 2399        0   0    0.00    0.00    0.00    0.00 
2399 2399        0   0    0.00    0.00    0.00    0.00 
2398 2398        0   0    0.00    0.00    0.00    0.00 
2399 2399        0   0    0.00    0.00    0.00    0.00 
2399 2399        0   0    0.00    0.00    0.00    0.00 
